distortion_coefficients:
  - 0.06693324518972132
  - -0.2241512297832522
  - 0.009935840339065886
  - 0.008486955527599985
  - 0.1017895523815406
# distortion_coefficients:
#   - 0.0
#   - 0.0
#   - 0.0
#   - 0.0
#   - 0.0
serial_number: 5CFD076E
camera_matrix:
  - 279.7596429981606
  - 0
  - 235.9919590561939
  - 0
  - 280.0340888659648
  - 141.9506134614783
  - 0
  - 0
  - 1
resolution:
  - 480
  - 270
v4l_path: usb-046d_Logitech_Webcam_C930e_5CFD076E-video-index0
